 O(cm-3)O2 (cm-3)N2(cm-3)Temperature (K)
   9.99999935E-39   1.66683794E+16   6.21589915E+16   249.497772    
   9.99999935E-39   1.44128129E+16   5.37476331E+16   252.336655    
   9.99999935E-39   1.24810837E+16   4.65439120E+16   255.224991    
   9.99999935E-39   1.08293187E+16   4.03842203E+16   258.035980    
   9.99999935E-39   9.41834359E+15   3.51224730E+16   260.630981    
   9.99999935E-39   8.21355802E+15   3.06296409E+16   262.861816    
   9.99999935E-39   7.18457351E+15   2.67923968E+16   264.577576    
   9.99999935E-39   6.30368914E+15   2.35074426E+16   265.685059    
   9.99999935E-39   5.54672854E+15   2.06846183E+16   266.141418    
   9.99999935E-39   4.89369594E+15   1.82493568E+16   265.913910    
   9.99999935E-39   4.32803667E+15   1.61399245E+16   264.980225    
   4.95319450E+09   3.83593542E+15   1.43048030E+16   263.334930    
   5.44412877E+09   3.40460769E+15   1.26963142E+16   261.091675    
   5.82006170E+09   3.02294347E+15   1.12730286E+16   258.466217    
   6.10184653E+09   2.68259899E+15   1.00038303E+16   255.666962    
   6.32558746E+09   2.37735459E+15   8.86552707E+15   252.886948    
   6.53652019E+09   2.10259292E+15   7.84089766E+15   250.299622    
   6.75367270E+09   1.85560801E+15   6.91985213E+15   247.954163    
   6.95689011E+09   1.63479488E+15   6.09640543E+15   245.765472    
   7.12118682E+09   1.43830670E+15   5.36367059E+15   243.647110    
   7.21995776E+09   1.26412913E+15   4.71413517E+15   241.518616    
   7.22715187E+09   1.11019086E+15   4.14007521E+15   239.305908    
   7.13999258E+09   9.74278971E+14   3.63323846E+15   236.984711    
   6.99092685E+09   8.54153098E+14   3.18527042E+15   234.601379    
   6.81485210E+09   7.47903660E+14   2.78904976E+15   232.205017    
   6.64411853E+09   6.53912059E+14   2.43854016E+15   229.840836    
   6.50792038E+09   5.70792832E+14   2.12857573E+15   227.550293    
   6.41754266E+09   4.97408820E+14   1.85491531E+15   225.342438    
   6.35110502E+09   4.32839523E+14   1.61412629E+15   223.164917    
   6.28388762E+09   3.76198031E+14   1.40290127E+15   220.961761    
   6.19232717E+09   3.26632229E+14   1.21806252E+15   218.681534    
   6.05449267E+09   2.78815721E+14   1.06089893E+15   216.277405    
   5.87302246E+09   2.41436771E+14   9.19556659E+14   213.746109    
   5.71411610E+09   2.08729589E+14   7.95786036E+14   211.197861    
   5.64885146E+09   1.80055196E+14   6.87186916E+14   208.753296    
   5.74783898E+09   1.54905076E+14   5.91850855E+14   206.521973    
   6.09791693E+09   1.32864805E+14   5.08224051E+14   204.604355    
   6.80593254E+09   1.13617521E+14   4.35122264E+14   203.038773    
   7.92853197E+09   9.69773920E+13   3.71860584E+14   201.624512    
   9.52126054E+09   8.27229408E+13   3.17616489E+14   200.109741    
   1.16412631E+10   7.05904635E+13   2.71403329E+14   198.258362    
   1.43128945E+10   6.03050444E+13   2.32188348E+14   195.854782    
   1.75365775E+10   5.15831696E+13   1.98901898E+14   192.778412    
   2.16821780E+10   4.40865139E+13   1.70258258E+14   189.348785    
   2.76307538E+10   3.75542545E+13   1.45265139E+14   186.010925    
   3.70679112E+10   3.18211568E+13   1.23301003E+14   183.151672    
   5.34669885E+10   2.67821850E+13   1.03973474E+14   181.113235    
   8.10901832E+10   2.23715577E+13   8.70318080E+13   180.182999    
   1.15786301E+11   1.85736679E+13   7.24210423E+13   180.282272    
   1.55821572E+11   1.53638918E+13   6.00528870E+13   181.138458    
   1.99242449E+11   1.26889209E+13   4.97282177E+13   182.490616    
   2.43797639E+11   1.04809900E+13   4.11981064E+13   184.073837    
   2.87297733E+11   8.67025080E+12   3.42078668E+13   185.608337    
   3.27896007E+11   7.19297970E+12   2.85079146E+13   186.796417    
   3.64242862E+11   5.99130846E+12   2.38716841E+13   187.328583    
   3.95433804E+11   5.01244756E+12   2.00938388E+13   186.980408    
   4.20892967E+11   4.20543385E+12   1.69758362E+13   185.900757    
   4.39764353E+11   3.53011447E+12   1.43670085E+13   184.345139    
   4.51434349E+11   2.95852232E+12   1.21597749E+13   182.563065    
   4.55691305E+11   2.47201294E+12   1.02764265E+13   180.789078    
   4.52721607E+11   2.05692744E+12   8.66214635E+12   179.240250    
   4.43063763E+11   1.70294785E+12   7.27613073E+12   178.119415    
   4.27529765E+11   1.40195856E+12   6.08687882E+12   177.622879    
   4.07107240E+11   1.14787903E+12   5.06900932E+12   177.952560    
   3.82856823E+11   9.34870647E+11   4.20113783E+12   179.332901    
   3.55526083E+11   7.57362000E+11   3.46486263E+12   182.016754    
   3.26333399E+11   6.11061793E+11   2.84684163E+12   186.090637    
   2.96771781E+11   4.91935597E+11   2.33432547E+12   191.525208    
   2.67941609E+11   3.95807818E+11   1.91313622E+12   198.314606    
   2.40596271E+11   3.18739841E+11   1.56927171E+12   206.466736    
   2.15208641E+11   2.57227997E+11   1.28983971E+12   215.989029    
   1.92038453E+11   2.08274604E+11   1.06349298E+12   226.870285    
   1.71192386E+11   1.69384100E+11   8.80548643E+11   239.056732    
   1.52674058E+11   1.38519495E+11   7.32925198E+11   252.419907    
   1.36422932E+11   1.14041643E+11   6.13986009E+11   266.715668    
   1.22342031E+11   9.46442322E+10   5.18336283E+11   281.538025    
   1.10243414E+11   7.92403722E+10   4.41321882E+11   296.477692    
   9.98257050E+10   6.69063619E+10   3.78835567E+11   311.384308    
   9.08242698E+10   5.69442263E+10   3.27722533E+11   326.142334    
   8.30183096E+10   4.88297718E+10   2.85580558E+11   340.644104    
   7.62226688E+10   4.21657272E+10   2.50564149E+11   354.796783    
   7.02813553E+10   3.66484152E+10   2.21243785E+11   368.529205    
   6.50623222E+10   3.20438538E+10   1.96503306E+11   381.798248    
   6.04533228E+10   2.81704079E+10   1.75464972E+11   394.594116    
   5.63508920E+10   2.48861389E+10   1.57433872E+11   406.944611    
   5.26573486E+10   2.20807107E+10   1.41856522E+11   418.918427    
   4.93088481E+10   1.96667679E+10   1.28294289E+11   430.611359    
   4.62611988E+10   1.75778570E+10   1.16419699E+11   442.057953    
   4.34800558E+10   1.57617644E+10   1.05975251E+11   453.263489    
   4.09358664E+10   1.41760031E+10   9.67496335E+10   464.233154    
   3.86030551E+10   1.27857551E+10   8.85682422E+10   474.971924    
   3.64594094E+10   1.15623096E+10   8.12858900E+10   485.484802    
   3.44855511E+10   1.04818432E+10   7.47811308E+10   495.776550    
   3.26644347E+10   9.52448307E+09   6.89511629E+10   505.851898    
   3.09811384E+10   8.67355853E+09   6.37096509E+10   515.715515    
   2.94224773E+10   7.91501670E+09   5.89835018E+10   525.371826    
   2.79767757E+10   7.23695821E+09   5.47103457E+10   534.825256    
   2.66336727E+10   6.62925926E+09   5.08367258E+10   544.080200    
   2.53839462E+10   6.08327373E+09   4.73166316E+10   553.140869    
   2.42193654E+10   5.59158579E+09   4.41103073E+10   562.011353    
   2.31325716E+10   5.14781184E+09   4.11832852E+10   570.695679    
   2.21169644E+10   4.74643712E+09   3.85055703E+10   579.197937    
   2.11666125E+10   4.38268262E+09   3.60509768E+10   587.521851    
   2.02760212E+10   4.05239091E+09   3.37965670E+10   595.671265    
   1.94383278E+10   3.75193626E+09   3.17222011E+10   603.649963    
   1.86488668E+10   3.47814682E+09   2.98101330E+10   611.461487    
   1.79040748E+10   3.22824038E+09   2.80446833E+10   619.109375    
   1.72006994E+10   2.99981030E+09   2.64119726E+10   626.597168    
   1.65357742E+10   2.79073178E+09   2.48996721E+10   633.928223    
   1.59065897E+10   2.59907994E+09   2.34968146E+10   641.105957    
   1.53106647E+10   2.42314957E+09   2.21936128E+10   648.133484    
   1.47457270E+10   2.26142822E+09   2.09813217E+10   655.014038    
   1.42096896E+10   2.11257050E+09   1.98521037E+10   661.750793    
   1.37006367E+10   1.97537766E+09   1.87989238E+10   668.346741    
   1.32168049E+10   1.84877939E+09   1.78154557E+10   674.804871    
   1.27565732E+10   1.73181798E+09   1.68959990E+10   681.128174    
   1.23184425E+10   1.62363558E+09   1.60354068E+10   687.319397    
   1.19010314E+10   1.52346138E+09   1.52290263E+10   693.381348    
   1.15030651E+10   1.43060288E+09   1.44726395E+10   699.316895    
   1.11233618E+10   1.34443571E+09   1.37624248E+10   705.128540    
   1.07608269E+10   1.26439680E+09   1.30949048E+10   710.819031    
   1.04144476E+10   1.18997760E+09   1.24669184E+10   716.390869    
   1.00832829E+10   1.12071770E+09   1.18755809E+10   721.846619    
   9.76645837E+09   1.05619987E+09   1.13182628E+10   727.188660    
   9.46316288E+09   996045568.       1.07925586E+10   732.419434    
   9.17263974E+09   939910976.       1.02962678E+10   737.541260    
   8.89418445E+09   887483200.       9.82737306E+09   742.556519    
   8.62714061E+09   838477120.       9.38402509E+09   747.467407    
   8.37089638E+09   792632960.       8.96452096E+09   752.276062    
   8.12487885E+09   749713344.       8.56729754E+09   756.984802    
   7.88855347E+09   709501312.       8.19091507E+09   761.595581    
   7.66141901E+09   671798464.       7.83404390E+09   766.110535    
   7.44300800E+09   636422848.       7.49545779E+09   770.531677    
   7.23288115E+09   603207680.       7.17402419E+09   774.860962    
   7.03062733E+09   572000000.       6.86869402E+09   779.100342    
   6.83585894E+09   542659008.       6.57849600E+09   783.251709    
   6.64821402E+09   515055360.       6.30252954E+09   787.316956    
   6.46735155E+09   489069920.       6.03995904E+09   791.297852    
   6.29295053E+09   464592928.       5.79000678E+09   795.196167    
   6.12470938E+09   441523136.       5.55195187E+09   799.013611    
   5.96234291E+09   419767040.       5.32512000E+09   802.751953    
   5.80558387E+09   399238304.       5.10888550E+09   806.412842    
   5.65417882E+09   379857024.       4.90266317E+09   809.997864    
   5.50788915E+09   361549280.       4.70590720E+09   813.508667    
   5.36649011E+09   344246624.       4.51810714E+09   816.946777    
   5.22976819E+09   327885568.       4.33878579E+09   820.313721    
   5.09752166E+09   312407232.       4.16749594E+09   823.611023    
   4.96956058E+09   297756896.       4.00381875E+09   826.840088    
   4.84570419E+09   283883776.       3.84736179E+09   830.002380    
   4.72578150E+09   270740672.       3.69775590E+09   833.099304    
   4.60963072E+09   258283552.       3.55465472E+09   836.132202    
   4.49709773E+09   246471536.       3.41773286E+09   839.102478    
   4.38803661E+09   235266464.       3.28668390E+09   842.011414    
   4.28230938E+09   224632752.       3.16121907E+09   844.860291    
   4.17978419E+09   214537216.       3.04106650E+09   847.650330    
   4.08033587E+09   204948864.       2.92597018E+09   850.382751    
   3.98384538E+09   195838752.       2.81568819E+09   853.058899    
   3.89019981E+09   187179808.       2.70999168E+09   855.679810    
   3.79929139E+09   178946688.       2.60866534E+09   858.246704    
   3.71101722E+09   171115712.       2.51150515E+09   860.760681    
   3.62527949E+09   163664640.       2.41831782E+09   863.222839    
